[gd_scene load_steps=5 format=3 uid="uid://c7007qk1iob7y"]

[ext_resource type="PackedScene" uid="uid://f8xayu7qvbjy" path="res://examples/wigglebone/palm/palm.gltf" id="1"]
[ext_resource type="Script" path="res://addons/wigglebone/wiggle_bone.gd" id="2"]
[ext_resource type="Resource" path="res://examples/wigglebone/palm/leave.tres" id="3"]
[ext_resource type="Resource" path="res://examples/wigglebone/palm/trunk.tres" id="4"]

[node name="Palm" instance=ExtResource("1")]

[node name="Skeleton3D" parent="Armature" index="0"]
bones/5/rotation = Quaternion(0.619893, -0.557946, -0.533385, -0.141169)
bones/5/scale = Vector3(1, 1, 1)
bones/6/rotation = Quaternion(0.479159, 0.63294, 0.598154, -0.10957)
bones/6/scale = Vector3(1, 1, 1)
bones/7/rotation = Quaternion(-0.761246, 0.140111, 0.137308, 0.618078)
bones/7/scale = Vector3(1, 1, 1)
bones/8/rotation = Quaternion(0.710528, 0.364512, 0.348686, -0.490611)
bones/8/scale = Vector3(1, 1, 1)
bones/9/rotation = Quaternion(-0.668423, -0.16447, -0.165336, 0.706276)
bones/10/rotation = Quaternion(0.648663, -0.432408, -0.422444, -0.462385)
bones/10/scale = Vector3(1, 1, 1)
bones/11/rotation = Quaternion(-0.125322, 0.646836, 0.652796, 0.373837)
bones/11/scale = Vector3(1, 1, 1)
bones/12/rotation = Quaternion(0.334798, 0.573835, 0.577327, -0.474676)
bones/12/scale = Vector3(1, 1, 1)
bones/13/rotation = Quaternion(0.721176, 0.329056, 0.327101, 0.514425)
bones/13/scale = Vector3(1, 1, 1)

[node name="BoneTrunk" type="BoneAttachment3D" parent="Armature/Skeleton3D" index="2"]
transform = Transform3D(1, 0, 0, 0, 1, 0, 0, 0, 1, 0, 2.3782, 0)
bone_name = "trunk.004"
bone_idx = 3
script = ExtResource("2")
properties = ExtResource("4")

[node name="BoneLeave0" type="BoneAttachment3D" parent="Armature/Skeleton3D" index="3"]
transform = Transform3D(-0.191607, -0.842329, -0.503754, -0.541138, -0.337536, 0.77022, -0.818814, 0.42018, -0.391142, -0.0552611, 3.58206, -0.0336869)
bone_name = "leave.000"
bone_idx = 5
script = ExtResource("2")
properties = ExtResource("3")

[node name="BoneLeave1" type="BoneAttachment3D" parent="Armature/Skeleton3D" index="4"]
transform = Transform3D(0.923031, -0.383052, -0.0358505, -0.0435847, -0.196698, 0.979495, -0.382249, -0.902541, -0.198253, -0.0552611, 3.56063, -0.0336869)
bone_name = "leave.001"
bone_idx = 7
script = ExtResource("2")
properties = ExtResource("3")

[node name="BoneLeave2" type="BoneAttachment3D" parent="Armature/Skeleton3D" index="5"]
transform = Transform3D(-0.689081, -0.650204, 0.320003, 0.325953, 0.116303, 0.938205, -0.647242, 0.750805, 0.131794, -0.00715804, 3.84572, 0.0350318)
bone_name = "leave.002"
bone_idx = 11
script = ExtResource("2")
properties = ExtResource("3")

[node name="BoneLeave3" type="BoneAttachment3D" parent="Armature/Skeleton3D" index="6"]
transform = Transform3D(-0.516803, 0.737637, 0.434519, 0.475478, -0.174762, 0.862194, 0.711924, 0.652189, -0.260413, -0.0552611, 3.51753, -0.0336869)
bone_name = "leave.003"
bone_idx = 6
script = ExtResource("2")
properties = ExtResource("3")

[node name="BoneLeave4" type="BoneAttachment3D" parent="Armature/Skeleton3D" index="7"]
transform = Transform3D(0.569454, 0.138076, 0.810344, 0.811152, -0.254179, -0.526712, 0.133246, 0.95725, -0.256744, 0.0272013, 3.86988, 0.0487756)
bone_name = "leave.004"
bone_idx = 13
script = ExtResource("2")
properties = ExtResource("3")

[node name="BoneLeave5" type="BoneAttachment3D" parent="Armature/Skeleton3D" index="8"]
transform = Transform3D(0.491097, 0.860131, 0.137835, 0.175854, -0.252863, 0.951386, 0.85317, -0.442984, -0.275438, 0.0272013, 3.86988, 0.0487756)
bone_name = "leave.005"
bone_idx = 8
script = ExtResource("2")
properties = ExtResource("3")

[node name="BoneLeave6" type="BoneAttachment3D" parent="Armature/Skeleton3D" index="9"]
transform = Transform3D(0.891227, 0.453416, -0.011293, -0.0136752, 0.0517506, 0.998566, 0.45335, -0.889796, 0.0523221, -0.0209018, 3.84572, -0.0611744)
bone_name = "leave.006"
bone_idx = 9
script = ExtResource("2")
properties = ExtResource("3")

[node name="BoneLeave7" type="BoneAttachment3D" parent="Armature/Skeleton3D" index="10"]
transform = Transform3D(-0.325185, 0.932324, -0.158195, -0.163849, 0.109207, 0.980422, 0.931347, 0.344739, 0.117248, 0.0478169, 3.84572, -0.0474306)
bone_name = "leave.007"
bone_idx = 12
script = ExtResource("2")
properties = ExtResource("3")

[node name="BoneLeave8" type="BoneAttachment3D" parent="Armature/Skeleton3D" index="11"]
transform = Transform3D(0.269128, -0.951639, -0.14817, -0.17031, -0.198447, 0.965201, -0.947927, -0.234527, -0.215481, -0.0552611, 3.84572, -0.0336869)
bone_name = "leave"
bone_idx = 10
script = ExtResource("2")
properties = ExtResource("3")
